ashover_simple_chords_12.mid
1 18 48 61 113 119 120 172 
ashover_simple_chords_13.mid
1 35 42 43 65 134 135 168 175 176 198 
ashover_simple_chords_14.mid
1 11 22 33 44 55 66 77 88 92 99 103 110 114 121 132 
ashover_simple_chords_15.mid
1 9 11 32 34 54 56 58 60 68 79 81 93 100 102 123 125 145 147 149 151 159 170 172 184 186 188 
ashover_simple_chords_20.mid
1 86 115 122 134 146 170 171 183 195 
ashover_simple_chords_24.mid
1 6 10 33 34 38 42 65 80 96 111 127 142 158 173 
ashover_simple_chords_25.mid
1 13 24 44 56 67 87 102 109 
ashover_simple_chords_26.mid
1 7 11 28 32 43 47 51 68 72 83 95 106 112 116 
ashover_simple_chords_27.mid
1 4 9 14 19 41 42 44 49 54 59 81 82 126 130 135 140 145 
ashover_simple_chords_3.mid
1 31 62 95 127 128 225 267 
ashover_simple_chords_30.mid
1 13 18 24 36 41 47 59 64 70 82 87 93 115 131 
ashover_simple_chords_33.mid
1 9 16 31 39 46 61 83 91 111 
ashover_simple_chords_36.mid
1 9 21 33 45 46 53 77 89 
ashover_simple_chords_38.mid
1 10 16 21 29 55 59 74 84 99 109 110 118 131 132 140 
ashover_simple_chords_39.mid
1 30 67 96 
ashover_simple_chords_42.mid
1 5 19 38 64 65 73 90 94 103 124 125 129 143 162 188 189 197 214 218 227 248 
ashover_simple_chords_45.mid
1 48 95 106 116 138 148 158 
ashover_simple_chords_6.mid
1 3 8 15 18 22 34 39 46 49 53 61 62 63 71 74 78 94 96 101 108 111 115 123 131 134 138 
ashover_simple_chords_7.mid
1 11 13 18 38 48 50 55 75 133 143 201 204 
ashover_simple_chords_8.mid
1 12 13 23 34 38 43 54 55 65 76 80 85 97 109 121 125 
hpps_simple_chords_1.mid
1 35 69 103 137 169 
hpps_simple_chords_24.mid
1 25 26 39 64 65 78 
hpps_simple_chords_30.mid
1 7 18 20 30 41 43 47 53 54 76 77 95 97 98 120 121 
hpps_simple_chords_31.mid
1 20 42 50 56 82 120 142 150 156 182 
hpps_simple_chords_38.mid
1 10 26 58 67 83 115 126 140 152 167 176 184 205 216 230 242 257 266 274 
hpps_simple_chords_39.mid
1 70 83 152 165 177 282 295 307 412 
hpps_simple_chords_43.mid
1 7 14 16 31 36 43 45 63 70 72 87 92 99 101 
hpps_simple_chords_44.mid
1 16 31 46 74 89 104 127 133 139 143 153 159 179 185 191 195 205 211 242 263 321 342 
hpps_simple_chords_48.mid
1 54 58 117 121 159 167 175 179 222 230 238 242 
hpps_simple_chords_51.mid
1 8 15 21 26 35 42 48 53 62 69 75 80 89 96 102 107 119 120 139 149 151 155 159 171 172 191 201 203 207 211 
hpps_simple_chords_54.mid
1 5 32 57 84 109 136 144 149 160 187 195 200 
hpps_simple_chords_56.mid
1 16 31 46 53 56 57 58 73 88 103 110 113 114 115 130 145 160 167 170 171 172 187 202 217 224 227 228 
hpps_simple_chords_62.mid
1 47 95 97 109 110 114 115 121 122 134 135 160 161 165 166 172 173 185 186 
hpps_simple_chords_63.mid
1 135 150 176 190 205 
hpps_simple_chords_8.mid
1 7 16 29 35 44 57 63 72 85 91 100 113 118 124 137 143 152 165 170 176 189 195 204 
jigs_simple_chords_1.mid
1 6 11 16 21 26 31 43 48 53 58 63 68 73 88 89 95 96 99 109 124 128 129 131 132 138 139 142 152 167 171 
jigs_simple_chords_104.mid
1 25 37 48 72 84 95 98 100 102 107 109 111 113 115 117 122 133 136 138 140 145 147 149 151 153 155 160 
jigs_simple_chords_105.mid
1 3 26 37 42 43 45 68 79 84 85 124 129 130 169 174 
jigs_simple_chords_108.mid
1 10 12 20 22 30 32 40 41 49 51 59 61 69 71 79 83 84 88 99 101 109 111 119 123 124 128 139 141 149 151 
jigs_simple_chords_109.mid
1 25 44 68 87 111 130 154 173 211 250 288 327 365 404 442 
jigs_simple_chords_110.mid
1 4 7 12 17 28 33 41 42 45 48 53 58 69 74 82 83 96 106 125 126 139 149 168 169 175 180 185 196 201 209 210 216 221 226 237 242 250 251 264 295 296 309 340 341 347 352 357 368 373 381 382 388 393 398 409 414 422 423 436 446 465 466 479 489 508 
jigs_simple_chords_111.mid
1 4 7 12 17 28 33 41 42 45 48 53 58 69 74 82 83 95 105 124 125 137 147 166 167 173 178 183 194 199 207 208 214 219 224 235 240 248 249 262 272 291 292 305 315 334 
jigs_simple_chords_114.mid
1 25 43 67 85 106 125 146 
jigs_simple_chords_115.mid
1 36 107 142 176 
jigs_simple_chords_116.mid
1 20 39 58 77 80 96 115 118 134 
jigs_simple_chords_120.mid
1 10 16 32 41 47 51 63 74 79 81 87 105 110 112 114 116 
jigs_simple_chords_121.mid
1 12 23 24 34 38 45 56 67 68 78 82 89 90 91 92 93 94 95 96 97 132 133 134 135 136 137 138 139 140 175 186 209 220 231 254 
jigs_simple_chords_122.mid
1 13 24 47 59 70 93 95 106 114 115 135 137 148 156 157 
jigs_simple_chords_126.mid
1 22 61 75 77 92 108 124 135 
jigs_simple_chords_127.mid
1 12 18 35 46 52 53 58 60 66 76 86 106 116 127 132 134 
jigs_simple_chords_129.mid
1 17 18 55 56 74 83 100 118 142 145 150 153 177 182 185 197 199 
jigs_simple_chords_13.mid
1 4 5 13 14 19 21 22 39 42 43 51 52 57 59 60 77 94 111 119 120 137 154 162 
jigs_simple_chords_133.mid
1 3 13 14 24 25 45 46 47 57 58 68 69 89 100 111 134 145 156 
jigs_simple_chords_134.mid
1 4 11 23 30 37 40 47 59 66 73 110 
jigs_simple_chords_138.mid
1 30 60 61 94 126 
jigs_simple_chords_139.mid
1 41 84 127 
jigs_simple_chords_14.mid
1 24 44 45 46 69 89 90 91 92 114 134 135 136 137 159 179 
jigs_simple_chords_140.mid
1 20 21 39 58 59 77 96 115 134 138 139 144 152 171 190 209 213 214 219 
jigs_simple_chords_141.mid
1 49 97 144 
jigs_simple_chords_144.mid
1 48 94 99 105 106 110 114 119 124 130 131 135 139 
jigs_simple_chords_145.mid
1 3 25 44 45 67 86 87 108 109 128 129 150 151 
jigs_simple_chords_146.mid
1 11 46 70 140 142 146 150 158 162 172 174 178 182 190 194 
jigs_simple_chords_147.mid
1 22 65 85 106 114 127 147 
jigs_simple_chords_15.mid
1 12 36 47 71 88 103 115 
jigs_simple_chords_150.mid
1 20 37 53 56 57 75 95 96 114 134 135 
jigs_simple_chords_151.mid
1 5 9 25 29 37 38 42 46 62 66 74 75 97 104 108 116 117 139 146 150 158 
jigs_simple_chords_152.mid
1 18 34 51 67 84 91 107 131 138 154 
jigs_simple_chords_153.mid
1 23 43 65 92 95 99 106 109 116 120 125 128 132 135 138 
jigs_simple_chords_156.mid
1 9 16 45 52 70 83 112 119 
jigs_simple_chords_157.mid
1 7 12 23 28 33 44 50 55 66 71 76 87 90 96 109 113 119 132 135 141 154 158 164 
jigs_simple_chords_158.mid
1 4 27 44 47 50 73 90 93 138 141 186 
jigs_simple_chords_159.mid
1 10 17 33 42 49 65 79 88 95 109 118 
jigs_simple_chords_162.mid
1 3 9 19 25 36 38 44 54 60 110 175 
jigs_simple_chords_163.mid
1 13 39 40 52 78 79 82 86 100 101 105 117 120 124 138 139 143 
jigs_simple_chords_164.mid
1 18 24 37 41 46 63 69 82 86 91 114 130 135 158 174 
jigs_simple_chords_168.mid
1 4 14 18 22 37 40 50 54 58 73 76 86 90 94 109 112 122 126 130 145 164 168 183 186 196 200 204 219 222 232 236 240 255 274 278 
jigs_simple_chords_169.mid
1 131 132 142 165 166 176 190 201 209 210 211 234 245 253 254 255 299 301 310 345 347 356 
jigs_simple_chords_171.mid
1 3 8 13 24 29 40 41 43 48 53 64 69 80 81 105 126 127 151 171 
jigs_simple_chords_174.mid
1 22 39 43 64 81 85 86 106 150 
jigs_simple_chords_175.mid
1 6 11 21 25 29 41 46 56 60 64 70 77 91 94 110 124 127 
jigs_simple_chords_176.mid
1 33 44 98 109 236 242 247 257 260 263 284 290 295 305 308 311 315 321 
jigs_simple_chords_177.mid
1 12 23 46 57 68 91 114 138 161 
jigs_simple_chords_18.mid
1 12 23 34 42 43 54 65 76 84 85 96 107 118 126 127 138 149 160 168 
jigs_simple_chords_181.mid
1 3 14 24 25 45 47 58 68 69 89 91 93 104 136 138 140 151 
jigs_simple_chords_183.mid
1 19 31 34 51 63 97 
jigs_simple_chords_186.mid
1 3 13 23 42 44 54 64 83 100 131 148 
jigs_simple_chords_187.mid
1 4 27 47 50 73 93 96 119 139 142 165 185 187 192 206 229 231 236 250 273 275 280 294 317 319 324 338 361 409 457 505 
jigs_simple_chords_188.mid
1 16 20 32 46 50 62 68 75 108 109 111 113 115 
jigs_simple_chords_189.mid
1 21 39 59 77 97 115 135 153 177 247 271 341 365 435 459 
jigs_simple_chords_193.mid
1 9 27 34 42 60 67 78 86 97 104 115 123 134 
jigs_simple_chords_194.mid
1 10 23 32 40 49 62 71 79 101 120 142 
jigs_simple_chords_195.mid
1 7 12 20 21 26 31 39 40 46 51 59 60 65 70 78 79 85 87 93 95 99 104 125 130 138 139 144 149 157 
jigs_simple_chords_20.mid
1 38 75 113 
jigs_simple_chords_205.mid
1 14 16 30 31 48 65 67 81 103 
jigs_simple_chords_206.mid
1 79 84 97 124 129 142 
jigs_simple_chords_21.mid
1 6 10 11 22 23 27 31 32 40 41 46 50 51 62 63 67 71 72 80 81 86 103 108 122 123 128 145 150 164 
jigs_simple_chords_211.mid
1 7 9 17 35 41 43 51 69 78 85 103 112 119 
jigs_simple_chords_212.mid
1 9 19 20 38 57 58 60 75 76 93 94 111 130 
jigs_simple_chords_223.mid
1 34 79 117 151 185 214 246 277 280 290 293 300 316 360 397 418 
jigs_simple_chords_224.mid
1 5 7 9 20 24 26 28 33 38 42 44 46 57 61 63 65 70 75 81 86 88 111 116 122 127 129 152 157 
jigs_simple_chords_225.mid
1 44 87 130 173 179 188 254 
jigs_simple_chords_230.mid
1 14 38 48 61 85 95 142 
jigs_simple_chords_231.mid
1 21 48 68 95 101 106 114 141 147 152 160 
jigs_simple_chords_234.mid
1 3 14 21 25 45 46 47 58 65 69 89 112 137 160 
jigs_simple_chords_235.mid
1 3 25 45 67 87 109 129 151 189 199 202 225 234 243 263 273 276 299 308 
jigs_simple_chords_237.mid
1 6 11 28 33 41 42 47 52 69 74 82 83 86 88 96 98 106 108 113 121 122 125 127 135 137 145 147 152 160 
jigs_simple_chords_24.mid
1 24 47 48 70 93 116 139 162 
jigs_simple_chords_240.mid
1 7 30 46 56 86 95 109 
jigs_simple_chords_242.mid
1 51 55 88 91 109 112 116 124 145 152 160 181 
jigs_simple_chords_246.mid
1 11 15 28 29 35 46 48 66 68 73 83 87 100 101 107 117 125 126 134 
jigs_simple_chords_247.mid
1 35 69 90 131 
jigs_simple_chords_248.mid
1 76 83 94 103 111 112 119 130 139 
jigs_simple_chords_249.mid
1 9 18 36 44 52 64 72 79 86 97 101 109 118 130 
jigs_simple_chords_25.mid
1 9 32 46 54 77 91 99 122 136 144 167 181 207 218 226 252 263 271 297 308 316 342 353 361 362 363 364 365 366 367 384 385 386 387 388 402 403 404 405 406 407 408 425 426 427 428 429 443 444 445 446 447 448 449 466 467 468 469 470 484 485 486 487 488 489 490 507 508 509 510 511 
jigs_simple_chords_252.mid
1 49 97 103 114 119 123 140 146 157 162 166 
jigs_simple_chords_253.mid
1 12 13 33 34 42 53 54 74 75 83 84 85 86 93 101 103 119 120 121 122 129 137 139 
jigs_simple_chords_255.mid
1 5 8 19 30 47 51 54 65 76 93 117 140 164 
jigs_simple_chords_259.mid
1 4 15 26 43 46 57 68 85 89 94 99 104 108 113 124 127 132 143 146 151 
jigs_simple_chords_260.mid
1 18 35 52 71 89 107 118 
jigs_simple_chords_264.mid
1 10 11 18 44 53 54 61 87 91 96 113 118 129 133 138 155 160 
jigs_simple_chords_266.mid
1 16 23 31 45 46 54 62 63 75 81 83 85 89 103 112 
jigs_simple_chords_267.mid
1 5 16 27 44 48 59 70 87 133 
jigs_simple_chords_27.mid
1 21 35 43 44 64 78 86 87 107 121 129 130 150 164 172 173 181 182 183 191 192 194 196 198 200 208 209 219 227 228 239 247 248 256 257 258 266 267 269 271 273 275 283 284 294 302 303 314 322 
jigs_simple_chords_270.mid
1 12 22 38 39 49 59 75 87 101 102 147 
jigs_simple_chords_271.mid
1 76 117 145 
jigs_simple_chords_272.mid
1 18 57 77 113 119 155 
jigs_simple_chords_273.mid
1 17 55 122 
jigs_simple_chords_277.mid
1 47 48 93 100 102 110 112 126 131 132 140 142 150 152 169 171 
jigs_simple_chords_279.mid
1 49 97 145 193 219 241 267 289 337 
jigs_simple_chords_282.mid
1 38 57 76 78 80 87 89 91 98 100 102 
jigs_simple_chords_283.mid
1 38 57 76 78 80 87 89 91 98 100 102 
jigs_simple_chords_284.mid
1 21 43 44 45 65 87 88 89 91 104 105 114 130 131 132 134 147 148 157 173 174 
jigs_simple_chords_285.mid
1 4 10 14 16 25 31 35 37 42 45 51 55 57 66 72 76 78 83 86 90 94 98 116 117 120 124 128 132 
jigs_simple_chords_289.mid
1 6 11 14 16 20 28 42 46 51 54 56 60 68 82 92 115 120 130 153 
jigs_simple_chords_291.mid
1 20 36 55 71 87 92 98 104 110 119 135 140 146 152 158 
jigs_simple_chords_295.mid
1 16 24 26 30 45 59 60 65 72 73 77 78 90 103 
jigs_simple_chords_297.mid
1 33 38 39 70 75 77 86 110 112 121 
jigs_simple_chords_3.mid
1 18 23 40 42 45 62 67 84 86 89 112 135 158 
jigs_simple_chords_30.mid
1 3 4 47 48 49 50 92 93 104 118 127 138 149 163 172 180 
jigs_simple_chords_300.mid
1 3 10 12 22 29 31 36 38 45 47 57 64 66 71 82 92 122 132 
jigs_simple_chords_303.mid
1 20 25 33 34 70 75 85 87 109 
jigs_simple_chords_306.mid
1 21 37 48 68 84 95 100 102 110 115 119 121 135 140 142 150 155 159 161 
jigs_simple_chords_307.mid
1 41 81 121 161 195 229 263 297 301 304 308 312 325 330 334 337 341 345 358 363 367 370 374 378 391 396 400 403 407 411 424 
jigs_simple_chords_308.mid
1 5 9 25 29 43 47 63 67 101 149 
jigs_simple_chords_309.mid
1 19 37 55 73 83 89 107 117 123 
jigs_simple_chords_31.mid
1 12 35 46 57 80 91 96 115 119 124 135 140 169 
jigs_simple_chords_313.mid
1 23 24 45 46 67 68 89 93 95 99 103 105 107 110 111 128 132 134 138 142 144 146 149 150 
jigs_simple_chords_314.mid
1 4 49 52 97 99 110 118 119 139 141 152 160 161 
jigs_simple_chords_32.mid
1 7 12 38 44 49 75 77 94 104 111 113 130 140 
jigs_simple_chords_320.mid
1 48 49 94 95 140 141 
jigs_simple_chords_324.mid
1 12 26 33 53 54 65 71 77 80 91 
jigs_simple_chords_325.mid
1 18 21 26 37 55 58 63 74 92 95 100 111 129 132 137 148 164 171 182 198 205 216 232 239 250 266 273 284 314 324 354 364 394 404 434 444 449 458 463 483 484 488 497 502 522 523 527 536 541 561 562 566 575 580 
jigs_simple_chords_326.mid
1 16 24 48 56 62 66 70 77 88 102 106 113 124 
jigs_simple_chords_327.mid
1 16 24 30 45 53 58 64 68 75 86 91 97 101 108 119 
jigs_simple_chords_33.mid
1 101 106 112 136 141 147 167 
jigs_simple_chords_330.mid
1 3 12 20 40 49 57 117 
jigs_simple_chords_331.mid
1 5 10 12 20 25 30 32 34 39 43 48 50 58 63 68 70 72 77 90 98 112 114 119 128 130 135 152 154 
jigs_simple_chords_333.mid
1 18 22 26 57 61 65 73 92 104 128 135 
jigs_simple_chords_336.mid
1 41 46 86 91 137 177 
jigs_simple_chords_337.mid
1 9 22 23 30 41 42 49 62 63 70 81 82 89 124 125 132 
jigs_simple_chords_338.mid
1 8 12 22 28 39 46 50 60 66 77 78 90 100 119 120 132 142 148 159 174 205 220 251 265 275 295 309 
jigs_simple_chords_339.mid
1 20 40 59 98 113 132 
jigs_simple_chords_36.mid
1 27 29 33 42 69 71 75 84 94 100 104 106 109 118 127 133 137 139 142 
jigs_simple_chords_37.mid
1 35 40 74 79 111 116 148 
jigs_simple_chords_39.mid
1 9 10 18 27 37 45 46 54 63 73 76 77 81 89 107 108 110 114 122 140 
jigs_simple_chords_43.mid
1 20 38 39 40 45 64 82 83 84 89 91 110 111 127 129 148 149 
jigs_simple_chords_44.mid
1 19 37 54 71 79 88 104 105 113 122 
jigs_simple_chords_45.mid
1 12 35 46 57 80 91 97 102 107 112 124 136 142 147 152 157 169 
jigs_simple_chords_48.mid
1 4 49 52 97 145 
jigs_simple_chords_49.mid
1 24 47 70 93 118 137 
jigs_simple_chords_51.mid
1 6 29 46 51 74 91 138 
jigs_simple_chords_54.mid
1 18 48 65 95 118 141 164 
jigs_simple_chords_55.mid
1 14 38 48 61 85 95 118 141 164 
jigs_simple_chords_56.mid
1 20 26 43 62 68 85 130 
jigs_simple_chords_57.mid
1 35 69 110 130 
jigs_simple_chords_6.mid
1 5 13 22 24 32 49 67 71 79 88 90 98 115 133 137 142 158 159 164 166 174 178 183 199 200 205 207 215 224 241 259 
jigs_simple_chords_61.mid
1 15 19 63 85 95 
jigs_simple_chords_62.mid
1 11 33 42 52 74 83 93 113 120 130 150 
jigs_simple_chords_63.mid
1 19 35 53 69 132 147 162 180 
jigs_simple_chords_66.mid
1 90 98 100 102 104 115 120 128 130 132 134 
jigs_simple_chords_67.mid
1 11 15 34 38 45 55 59 78 82 89 90 104 123 127 134 135 149 168 172 
jigs_simple_chords_68.mid
1 16 42 57 83 124 
jigs_simple_chords_69.mid
1 17 18 23 43 44 60 61 66 86 87 91 92 96 97 102 110 127 128 132 133 137 138 143 151 168 
jigs_simple_chords_7.mid
1 66 68 74 84 99 101 109 116 122 
jigs_simple_chords_73.mid
1 18 23 46 63 68 91 103 115 138 150 162 
jigs_simple_chords_74.mid
1 95 140 184 185 230 
jigs_simple_chords_75.mid
1 39 77 115 153 187 221 255 332 375 418 
jigs_simple_chords_8.mid
1 4 14 23 24 43 46 56 65 66 85 88 98 107 108 127 130 140 149 150 169 215 261 307 353 378 400 425 447 472 494 519 541 589 637 685 
jigs_simple_chords_80.mid
1 9 12 25 47 53 56 69 91 103 113 135 147 157 158 163 
jigs_simple_chords_81.mid
1 4 17 27 46 49 62 72 91 94 99 104 106 111 113 118 123 131 137 142 144 149 151 156 161 169 185 214 230 259 272 274 294 302 315 317 337 
jigs_simple_chords_84.mid
1 14 18 28 29 41 45 55 78 84 107 
jigs_simple_chords_92.mid
1 3 17 36 38 52 71 74 75 92 93 106 109 110 127 128 
jigs_simple_chords_96.mid
1 40 79 98 116 135 
jigs_simple_chords_97.mid
1 39 77 78 88 90 101 103 113 128 129 134 135 145 147 158 160 170 185 186 
jigs_simple_chords_98.mid
1 4 5 6 26 27 28 39 48 49 50 70 71 72 83 92 93 97 111 112 131 132 136 150 151 
jigs_simple_chords_99.mid
1 9 15 30 38 44 59 73 88 102 
morris_simple_chords_12.mid
1 62 73 78 108 119 124 
morris_simple_chords_13.mid
1 8 30 64 69 103 108 
morris_simple_chords_14.mid
1 9 17 49 65 73 81 113 129 140 142 154 158 161 166 167 178 189 191 203 207 210 215 216 227 238 240 252 256 259 264 265 276 287 289 301 305 308 313 314 
morris_simple_chords_15.mid
1 3 5 10 34 42 43 44 45 47 52 76 84 85 98 112 117 128 130 138 146 147 148 150 152 153 154 155 156 157 170 184 189 200 202 210 218 219 220 222 224 225 226 227 228 
morris_simple_chords_18.mid
1 13 22 33 56 65 76 
morris_simple_chords_19.mid
1 8 10 15 16 
morris_simple_chords_2.mid
1 18 35 115 149 185 222 223 230 237 256 257 264 271 290 295 302 
morris_simple_chords_20.mid
1 11 13 17 29 38 39 49 51 55 67 76 77 87 89 93 105 114 115 125 127 131 143 152 153 154 160 169 172 176 177 181 184 193 202 203 208 213 215 219 221 231 240 241 242 248 257 260 264 265 269 272 281 290 291 296 301 303 307 309 319 328 329 330 336 345 348 352 353 357 360 369 
morris_simple_chords_21.mid
1 43 44 86 87 129 130 172 173 179 181 204 207 210 229 230 236 238 261 264 267 286 292 300 306 307 328 334 342 348 349 370 371 377 379 402 405 408 427 428 434 436 459 462 465 484 490 498 504 505 526 532 540 546 547 568 569 575 577 600 603 606 625 626 632 634 657 660 663 
morris_simple_chords_30.mid
1 24 47 70 93 141 189 237 260 283 300 303 307 331 348 351 355 379 396 399 403 427 450 
morris_simple_chords_7.mid
1 8 9 16 23 29 30 37 42 43 50 51 58 65 71 72 79 84 85 106 112 113 120 125 126 133 134 141 148 154 155 162 167 168 189 195 196 203 208 209 216 217 224 231 237 238 245 250 251 272 278 279 286 291 292 299 300 307 314 320 321 328 333 334 355 361 362 369 374 
playford_simple_chords_12.mid
1 13 14 25 41 42 
playford_simple_chords_13.mid
1 12 26 32 43 54 68 74 85 97 101 108 131 143 147 154 
playford_simple_chords_14.mid
1 5 9 14 15 24 25 37 60 61 
playford_simple_chords_15.mid
1 9 22 30 43 55 67 69 76 89 91 98 
playford_simple_chords_2.mid
1 4 9 14 17 21 26 43 49 51 52 55 60 65 68 72 77 94 100 102 103 112 119 122 126 129 134 139 142 146 151 168 174 176 177 186 193 196 200 203 208 213 216 220 225 242 248 
playford_simple_chords_6.mid
1 12 14 25 27 38 40 51 53 71 89 107 
playford_simple_chords_8.mid
1 35 70 105 140 141 155 156 170 171 186 207 208 222 223 237 238 253 274 
playford_simple_chords_9.mid
1 11 16 26 31 
reels_simple_chords_1.mid
1 4 7 25 47 50 68 90 101 102 120 131 134 135 136 137 138 139 142 153 154 172 183 186 187 188 189 190 191 
reels_simple_chords_102.mid
1 11 18 34 40 56 57 62 64 66 72 88 89 94 96 98 104 
reels_simple_chords_103.mid
1 18 19 35 36 52 53 69 70 77 78 84 85 100 101 108 109 115 116 
reels_simple_chords_104.mid
1 12 13 15 36 37 45 46 57 58 60 81 82 90 91 102 127 130 136 137 148 173 174 182 
reels_simple_chords_105.mid
1 10 29 38 57 92 127 144 146 161 178 180 
reels_simple_chords_108.mid
1 89 112 116 132 155 159 
reels_simple_chords_109.mid
1 10 16 30 42 48 62 73 74 95 106 107 128 
reels_simple_chords_110.mid
1 17 18 29 32 48 49 60 63 66 76 79 89 92 102 105 
reels_simple_chords_114.mid
1 119 152 154 189 191 193 195 197 199 201 207 211 213 215 217 231 233 235 237 239 241 243 249 259 
reels_simple_chords_116.mid
1 20 
reels_simple_chords_117.mid
1 5 11 15 22 33 44 51 58 60 61 71 78 85 87 88 98 105 
reels_simple_chords_12.mid
1 5 12 20 35 66 70 77 85 100 131 132 145 160 195 196 209 224 
reels_simple_chords_120.mid
1 17 33 49 65 72 79 80 96 103 110 111 
reels_simple_chords_121.mid
1 16 17 47 48 66 77 96 107 
reels_simple_chords_122.mid
1 4 18 21 23 25 41 46 60 63 65 67 83 85 88 96 104 109 117 118 127 135 143 148 156 157 
reels_simple_chords_123.mid
1 3 11 23 35 44 52 64 76 83 88 95 110 121 128 133 140 155 166 
reels_simple_chords_126.mid
1 33 34 66 67 74 83 89 96 97 103 112 118 
reels_simple_chords_128.mid
1 15 24 25 55 68 77 78 104 108 110 121 123 131 132 133 156 160 162 173 175 183 184 185 207 208 
reels_simple_chords_129.mid
1 5 11 17 31 37 55 59 65 71 85 91 109 112 119 122 126 129 132 139 142 149 151 154 161 164 168 171 174 181 184 191 
reels_simple_chords_13.mid
1 4 7 14 17 20 27 30 33 40 51 53 56 59 66 69 72 79 82 85 92 103 105 136 163 165 196 223 
reels_simple_chords_132.mid
1 27 33 34 41 58 64 90 96 97 104 121 
reels_simple_chords_133.mid
1 4 9 11 14 21 23 30 39 45 47 50 57 59 66 75 84 85 102 111 120 121 138 
reels_simple_chords_134.mid
1 12 21 30 37 46 55 64 71 88 89 93 105 106 108 122 124 128 137 
reels_simple_chords_135.mid
1 18 21 27 28 31 37 
reels_simple_chords_138.mid
1 23 29 35 52 74 80 86 103 105 110 111 125 146 148 153 154 168 
reels_simple_chords_139.mid
1 30 55 56 84 109 122 166 179 
reels_simple_chords_14.mid
1 9 11 19 28 42 50 52 60 69 83 85 86 89 92 94 96 105 106 113 123 125 126 129 132 134 136 145 146 153 
reels_simple_chords_140.mid
1 49 97 120 161 184 
reels_simple_chords_141.mid
1 49 97 120 148 171 
reels_simple_chords_145.mid
1 21 23 43 64 66 86 87 102 120 121 136 154 
reels_simple_chords_146.mid
1 14 30 44 46 67 73 79 85 99 101 
reels_simple_chords_147.mid
1 4 16 17 27 30 42 43 53 68 83 114 145 176 191 206 
reels_simple_chords_15.mid
1 15 33 35 37 51 69 71 73 84 85 109 110 121 122 146 147 150 183 196 229 256 266 293 303 
reels_simple_chords_151.mid
1 14 22 35 36 55 68 71 74 101 110 116 117 140 147 150 
reels_simple_chords_152.mid
1 9 17 32 43 51 78 84 109 115 
reels_simple_chords_156.mid
1 7 16 25 28 29 34 43 52 55 60 69 78 81 82 87 96 105 110 113 120 122 127 130 133 154 159 162 169 171 176 179 182 203 
reels_simple_chords_157.mid
1 3 13 15 21 24 26 36 46 50 60 62 68 71 73 83 93 107 109 116 119 131 141 143 144 145 155 157 164 167 194 208 210 217 220 232 242 244 245 246 256 258 265 268 295 
reels_simple_chords_158.mid
1 7 20 26 37 38 44 57 63 74 115 
reels_simple_chords_162.mid
1 5 11 48 52 58 95 136 149 190 
reels_simple_chords_163.mid
1 5 6 7 11 12 22 24 34 46 48 52 53 54 58 59 69 71 81 93 95 96 108 128 135 146 148 149 161 181 188 199 
reels_simple_chords_164.mid
1 3 15 30 45 48 49 54 56 57 58 70 85 100 103 104 109 111 126 141 156 159 160 165 167 182 197 212 215 216 221 
reels_simple_chords_165.mid
1 15 28 42 55 56 60 81 99 
reels_simple_chords_168.mid
1 18 22 24 25 47 48 49 66 70 72 73 74 96 97 121 122 144 145 146 170 171 195 
reels_simple_chords_169.mid
1 37 56 92 131 150 169 187 206 
reels_simple_chords_170.mid
1 4 5 9 19 21 25 27 36 37 41 51 53 57 59 
reels_simple_chords_171.mid
1 16 21 31 38 46 53 68 
reels_simple_chords_174.mid
1 8 9 14 31 38 39 44 61 91 
reels_simple_chords_175.mid
1 15 25 39 47 72 104 108 110 112 114 128 166 
reels_simple_chords_176.mid
1 31 61 76 91 106 
reels_simple_chords_177.mid
1 20 35 54 66 68 87 102 121 133 135 166 194 196 227 255 
reels_simple_chords_18.mid
1 6 7 22 23 28 29 33 34 49 50 55 58 61 64 71 74 81 84 87 90 97 100 107 
reels_simple_chords_180.mid
1 24 48 71 95 117 120 140 162 165 
reels_simple_chords_181.mid
1 6 20 35 38 52 55 60 
reels_simple_chords_183.mid
1 16 17 19 32 34 49 50 52 65 67 76 85 93 98 107 116 124 
reels_simple_chords_186.mid
1 3 4 11 26 28 29 36 47 51 52 59 74 76 77 84 95 97 146 160 209 
reels_simple_chords_187.mid
1 20 24 25 58 60 79 83 84 117 119 137 140 173 175 193 196 229 
reels_simple_chords_189.mid
1 3 10 17 24 31 38 45 52 59 60 67 74 81 88 95 102 109 144 145 180 181 216 217 252 253 260 275 281 290 305 311 320 335 341 350 365 371 
reels_simple_chords_19.mid
1 7 14 19 31 48 54 61 66 78 95 97 105 110 118 137 138 146 151 163 
reels_simple_chords_193.mid
1 4 6 11 16 18 23 24 51 53 56 58 63 68 70 75 76 103 105 116 118 129 134 155 157 168 170 181 186 207 
reels_simple_chords_194.mid
1 5 9 17 21 25 
reels_simple_chords_195.mid
1 3 6 17 19 22 34 35 38 49 51 54 
reels_simple_chords_199.mid
1 7 11 16 25 33 39 44 48 53 62 70 76 92 95 96 121 137 140 141 
reels_simple_chords_2.mid
1 12 57 82 88 99 109 119 121 138 147 160 161 
reels_simple_chords_20.mid
1 40 79 95 105 121 
reels_simple_chords_200.mid
1 14 61 95 118 141 164 
reels_simple_chords_201.mid
1 12 16 18 29 40 44 45 54 56 67 71 73 84 95 99 100 109 111 116 123 130 139 140 141 143 150 163 165 170 177 184 193 194 195 197 204 217 
reels_simple_chords_205.mid
1 11 16 23 41 48 55 83 98 105 109 
reels_simple_chords_206.mid
1 13 14 36 43 55 56 78 85 88 107 121 124 143 
reels_simple_chords_207.mid
1 19 29 51 55 73 83 105 109 112 119 132 139 149 152 159 172 179 
reels_simple_chords_21.mid
1 10 19 37 46 52 70 79 86 103 122 
reels_simple_chords_211.mid
1 16 23 38 47 62 69 84 93 104 115 153 157 178 185 244 255 266 304 308 329 336 
reels_simple_chords_212.mid
1 10 13 35 42 51 54 70 80 88 96 115 123 131 150 158 166 185 193 201 
reels_simple_chords_213.mid
1 19 20 37 38 47 48 54 55 65 69 71 72 89 90 107 108 117 118 124 125 135 139 141 144 157 161 163 171 180 183 196 200 202 210 
reels_simple_chords_216.mid
1 63 64 125 127 131 135 140 155 185 187 191 195 200 215 
reels_simple_chords_217.mid
1 18 47 76 105 117 151 153 176 178 204 215 227 229 
reels_simple_chords_218.mid
1 4 14 21 28 31 41 57 67 74 81 84 94 107 119 121 132 134 145 147 161 173 175 186 188 199 201 
reels_simple_chords_219.mid
1 12 27 42 61 72 87 102 121 133 135 146 148 159 161 175 187 189 200 202 213 215 
reels_simple_chords_222.mid
1 4 10 12 13 14 20 22 25 47 49 52 58 60 61 62 68 70 73 95 97 149 151 203 
reels_simple_chords_223.mid
1 5 15 19 23 33 37 41 51 55 59 69 73 82 91 
reels_simple_chords_224.mid
1 11 21 31 41 42 50 55 59 68 69 79 80 88 93 97 106 107 
reels_simple_chords_225.mid
1 7 8 11 15 25 32 41 43 47 57 
reels_simple_chords_228.mid
1 16 31 46 61 63 71 86 88 96 
reels_simple_chords_229.mid
1 21 32 39 64 84 95 102 127 146 157 188 207 218 
reels_simple_chords_230.mid
1 12 17 24 32 37 47 
reels_simple_chords_231.mid
1 12 15 16 25 28 37 40 41 50 52 63 66 67 76 79 88 91 92 101 103 106 113 120 131 134 141 156 158 161 168 175 186 189 196 211 
reels_simple_chords_234.mid
1 5 20 35 36 51 63 67 82 97 98 113 125 127 131 145 159 181 183 187 201 215 
reels_simple_chords_235.mid
1 5 12 19 27 34 41 48 61 65 72 79 87 94 101 108 122 127 141 156 174 178 183 197 212 230 
reels_simple_chords_236.mid
1 5 36 63 67 98 125 127 131 145 159 181 183 187 201 215 237 241 270 297 301 330 358 363 378 393 411 415 420 435 450 468 471 475 504 531 535 564 592 597 611 626 635 644 648 653 667 682 691 700 
reels_simple_chords_237.mid
1 12 42 43 54 84 85 96 101 108 118 119 128 129 140 169 173 
reels_simple_chords_240.mid
1 5 12 34 35 42 57 60 64 71 93 94 101 116 119 150 177 180 211 238 
reels_simple_chords_241.mid
1 20 60 97 110 153 166 193 222 251 280 
reels_simple_chords_242.mid
1 63 72 81 90 108 
reels_simple_chords_243.mid
1 18 20 37 65 66 67 82 84 101 130 131 148 168 176 182 193 194 211 231 239 245 
reels_simple_chords_246.mid
1 6 15 27 30 35 55 64 76 79 84 99 102 117 124 126 129 140 155 158 173 180 182 185 196 
reels_simple_chords_247.mid
1 3 33 34 61 63 93 94 121 130 140 141 161 171 172 182 191 201 202 222 232 233 
reels_simple_chords_248.mid
1 17 31 47 61 77 91 107 121 135 149 165 179 195 
reels_simple_chords_249.mid
1 3 33 34 59 60 75 76 94 95 96 125 126 127 135 136 154 155 156 185 186 187 195 
reels_simple_chords_25.mid
1 61 120 123 126 130 134 162 165 168 172 176 204 
reels_simple_chords_252.mid
1 60 119 178 
reels_simple_chords_253.mid
1 16 28 30 45 54 59 63 65 69 72 74 76 83 98 107 
reels_simple_chords_254.mid
1 7 11 18 24 33 40 44 51 57 60 
reels_simple_chords_255.mid
1 12 13 14 15 26 27 40 56 58 69 70 71 72 83 84 97 113 115 142 144 171 173 200 202 229 
reels_simple_chords_258.mid
1 20 54 59 61 80 114 119 121 124 139 154 172 177 179 182 197 212 230 235 
reels_simple_chords_259.mid
1 8 16 17 23 35 41 49 
reels_simple_chords_26.mid
1 56 125 134 150 175 
reels_simple_chords_260.mid
1 7 13 24 30 36 48 54 72 
reels_simple_chords_261.mid
1 14 24 38 45 46 72 73 86 
reels_simple_chords_264.mid
1 47 58 61 
reels_simple_chords_265.mid
1 6 18 37 42 54 73 74 76 77 78 79 80 105 106 108 109 110 111 112 
reels_simple_chords_266.mid
1 7 14 19 20 27 33 40 45 46 53 60 73 74 81 88 101 102 
reels_simple_chords_267.mid
1 17 19 20 22 36 37 53 55 56 58 69 73 80 81 86 90 94 102 107 115 123 
reels_simple_chords_27.mid
1 19 20 37 38 55 56 73 80 86 87 92 98 99 104 110 111 116 
reels_simple_chords_270.mid
1 11 19 29 38 42 56 62 
reels_simple_chords_271.mid
1 11 39 40 42 
reels_simple_chords_272.mid
1 12 22 33 39 40 51 61 72 78 79 90 100 111 117 118 129 139 150 156 157 177 188 194 195 215 226 232 233 253 264 270 271 291 302 308 309 334 345 346 371 382 383 408 419 420 445 456 
reels_simple_chords_277.mid
1 10 16 26 33 41 42 44 48 57 
reels_simple_chords_278.mid
1 28 30 57 59 86 88 107 114 116 122 123 142 144 150 151 170 172 178 179 198 200 219 226 
reels_simple_chords_282.mid
1 12 19 30 49 55 56 81 101 121 141 
reels_simple_chords_283.mid
1 8 13 25 32 37 49 53 72 91 110 
reels_simple_chords_284.mid
1 12 23 26 34 39 55 66 69 73 81 84 98 104 112 115 129 135 
reels_simple_chords_285.mid
1 15 30 46 57 60 73 88 104 115 117 120 135 136 138 139 145 172 174 177 192 193 195 196 202 229 
reels_simple_chords_288.mid
1 16 17 26 28 32 33 48 49 58 60 64 65 83 84 96 100 101 119 120 132 136 137 155 156 157 175 176 194 195 196 214 
reels_simple_chords_290.mid
1 12 19 30 37 48 54 55 62 69 77 88 93 104 109 127 142 
reels_simple_chords_291.mid
1 8 12 17 20 27 47 51 56 59 66 82 100 103 122 125 143 146 
reels_simple_chords_294.mid
1 13 31 42 67 85 96 109 166 167 
reels_simple_chords_295.mid
1 24 57 58 80 
reels_simple_chords_296.mid
1 8 19 31 38 49 61 64 72 92 95 103 
reels_simple_chords_297.mid
1 3 6 9 12 15 26 28 31 34 37 40 51 53 60 62 65 72 79 82 85 92 103 105 108 111 114 117 128 130 133 136 139 142 153 155 162 164 167 174 181 184 187 194 205 206 223 230 253 276 291 298 299 301 304 307 310 321 
reels_simple_chords_3.mid
1 8 15 16 22 27 34 35 39 44 51 52 58 63 70 71 75 76 85 97 104 112 113 122 134 141 
reels_simple_chords_30.mid
1 17 18 19 23 52 56 73 74 84 87 88 122 126 
reels_simple_chords_300.mid
1 25 42 66 83 102 118 137 
reels_simple_chords_301.mid
1 20 27 45 67 89 112 137 160 
reels_simple_chords_302.mid
1 15 29 43 71 85 99 116 124 127 138 146 149 152 169 172 183 191 194 197 
reels_simple_chords_306.mid
1 209 
reels_simple_chords_307.mid
1 83 84 86 94 102 103 104 
reels_simple_chords_308.mid
1 27 28 54 55 81 82 92 93 101 102 106 118 125 153 165 172 182 183 
reels_simple_chords_31.mid
1 15 23 27 41 49 53 54 56 63 65 72 73 75 82 84 
reels_simple_chords_312.mid
1 5 23 
reels_simple_chords_313.mid
1 4 5 22 24 36 39 40 57 59 71 74 84 113 123 
reels_simple_chords_314.mid
1 3 5 21 42 48 50 52 54 70 91 97 99 155 
reels_simple_chords_315.mid
1 9 21 33 58 70 82 102 107 108 114 120 121 126 127 141 146 147 153 159 160 165 166 
reels_simple_chords_318.mid
1 4 6 22 29 31 33 56 58 60 76 83 85 87 109 110 112 115 126 129 136 137 139 142 165 166 168 171 182 185 192 193 195 198 
reels_simple_chords_319.mid
1 19 25 26 43 49 51 53 60 63 69 71 73 80 83 
reels_simple_chords_32.mid
1 13 39 51 63 89 101 127 151 177 
reels_simple_chords_320.mid
1 25 27 48 50 56 65 67 70 86 
reels_simple_chords_321.mid
1 39 82 94 114 123 130 150 
reels_simple_chords_324.mid
1 64 127 134 135 139 140 141 142 153 160 161 165 166 185 186 190 191 192 193 204 211 212 216 217 
reels_simple_chords_325.mid
1 8 19 25 33 44 50 57 68 80 87 94 95 96 97 98 105 116 122 130 141 147 154 165 
reels_simple_chords_33.mid
1 21 26 46 67 70 
reels_simple_chords_330.mid
1 7 8 11 37 38 41 56 58 64 65 68 94 95 98 113 119 126 145 147 154 165 171 178 197 199 206 217 
reels_simple_chords_333.mid
1 4 9 10 12 20 22 36 37 39 44 45 47 55 57 71 106 107 
reels_simple_chords_336.mid
1 6 9 17 20 23 36 39 47 50 53 66 69 77 80 83 96 99 107 110 113 130 147 160 163 171 174 177 190 193 201 204 207 224 241 254 257 265 268 271 284 287 295 298 301 318 335 348 351 359 362 365 378 381 389 392 395 
reels_simple_chords_337.mid
1 24 59 73 84 147 161 181 216 230 241 304 
reels_simple_chords_338.mid
1 9 10 21 29 30 43 64 73 74 
reels_simple_chords_339.mid
1 13 35 42 43 52 74 81 86 89 97 113 118 121 129 145 
reels_simple_chords_342.mid
1 42 88 113 123 144 
reels_simple_chords_343.mid
1 14 23 42 62 81 100 
reels_simple_chords_344.mid
1 22 41 42 63 82 83 91 92 100 108 109 113 115 116 124 125 133 141 142 146 148 
reels_simple_chords_345.mid
1 13 21 44 56 64 87 89 91 102 105 108 115 117 119 130 133 136 
reels_simple_chords_348.mid
1 22 23 41 42 62 63 81 82 85 101 102 105 119 120 123 139 140 143 
reels_simple_chords_350.mid
1 4 7 14 28 35 42 45 54 61 67 69 87 94 97 
reels_simple_chords_351.mid
1 8 10 15 19 35 37 41 42 69 90 92 96 97 
reels_simple_chords_354.mid
1 60 119 180 
reels_simple_chords_355.mid
1 17 29 45 57 85 
reels_simple_chords_357.mid
1 8 16 29 34 42 49 53 55 61 63 65 71 76 84 
reels_simple_chords_360.mid
1 4 5 17 18 19 32 33 58 61 62 74 75 76 89 90 115 129 145 161 178 192 208 224 
reels_simple_chords_361.mid
1 4 5 14 17 18 27 30 31 40 55 58 59 68 71 72 81 84 85 94 109 123 139 155 172 186 202 218 
reels_simple_chords_362.mid
1 16 23 30 45 52 59 74 81 88 103 110 126 133 140 147 154 161 171 180 187 194 201 208 215 
reels_simple_chords_366.mid
1 4 7 14 25 26 32 39 46 69 80 95 102 
reels_simple_chords_367.mid
1 6 10 19 20 25 29 38 39 49 57 58 68 76 77 84 91 98 105 134 163 192 221 222 228 229 235 236 242 243 248 249 259 267 268 278 286 287 294 301 308 
reels_simple_chords_368.mid
1 3 22 61 63 82 121 124 127 130 141 180 183 186 189 200 
reels_simple_chords_369.mid
1 12 13 22 25 31 41 42 50 58 79 80 84 94 103 119 123 124 131 132 133 
reels_simple_chords_37.mid
1 54 107 162 
reels_simple_chords_372.mid
1 4 6 17 19 30 32 57 59 70 72 83 85 110 117 124 131 138 145 166 173 180 187 194 201 
reels_simple_chords_373.mid
1 19 36 54 71 85 98 112 
reels_simple_chords_375.mid
1 11 20 29 38 47 56 65 78 81 84 94 103 107 110 113 123 132 
reels_simple_chords_378.mid
1 8 31 32 38 61 62 68 91 92 98 121 150 151 183 212 213 
reels_simple_chords_379.mid
1 11 23 33 46 56 68 79 81 
reels_simple_chords_38.mid
1 4 7 10 11 16 17 18 32 35 38 39 44 45 46 60 62 63 69 70 73 74 88 90 91 97 98 101 102 131 164 165 
reels_simple_chords_380.mid
1 111 130 148 167 
reels_simple_chords_381.mid
1 18 25 27 44 51 70 77 79 96 103 105 120 135 149 160 162 177 192 206 217 
reels_simple_chords_384.mid
1 4 10 13 19 22 38 41 47 50 56 59 75 78 80 87 96 98 112 115 117 124 133 135 149 177 
reels_simple_chords_385.mid
1 9 15 22 24 29 30 36 43 44 
reels_simple_chords_386.mid
1 81 97 115 124 128 146 
reels_simple_chords_387.mid
1 16 30 45 59 62 63 68 71 89 92 93 96 97 98 102 
reels_simple_chords_39.mid
1 7 10 15 20 21 35 38 43 56 62 65 70 75 76 90 93 98 111 112 113 116 117 125 144 147 152 165 166 167 170 171 179 198 201 206 
reels_simple_chords_392.mid
1 3 11 19 31 33 41 49 57 59 62 70 78 86 94 102 119 
reels_simple_chords_398.mid
1 9 40 41 62 63 78 
reels_simple_chords_402.mid
1 43 85 89 91 105 107 122 126 128 142 144 
reels_simple_chords_403.mid
1 3 7 18 22 29 31 35 46 50 57 58 74 87 106 110 
reels_simple_chords_404.mid
1 21 28 30 87 108 148 
reels_simple_chords_405.mid
1 8 10 19 21 25 26 38 46 55 62 64 73 75 79 80 92 100 
reels_simple_chords_408.mid
1 13 45 55 56 66 75 76 
reels_simple_chords_409.mid
1 11 17 35 42 50 58 
reels_simple_chords_410.mid
1 19 20 30 35 55 56 57 59 62 72 74 75 92 93 103 104 106 107 109 130 131 132 134 137 147 149 
reels_simple_chords_415.mid
1 35 37 39 73 75 77 79 83 87 95 99 108 110 112 116 120 128 132 141 
reels_simple_chords_416.mid
1 43 85 88 91 114 117 134 137 140 163 166 
reels_simple_chords_417.mid
1 7 15 22 23 30 36 44 51 52 59 65 73 80 81 88 94 102 109 110 117 123 130 133 138 151 155 163 170 
reels_simple_chords_42.mid
1 7 21 22 23 36 59 60 65 79 80 81 94 117 118 135 143 179 180 197 205 
reels_simple_chords_420.mid
1 110 130 157 177 
reels_simple_chords_421.mid
1 48 95 104 113 122 133 142 151 160 
reels_simple_chords_422.mid
1 13 20 35 47 54 69 81 88 103 115 122 136 137 
reels_simple_chords_423.mid
1 30 58 84 85 
reels_simple_chords_427.mid
1 5 6 8 14 29 30 36 42 50 51 53 59 74 75 81 87 91 106 142 157 
reels_simple_chords_428.mid
1 100 103 104 107 144 145 148 
reels_simple_chords_429.mid
1 10 11 12 29 36 37 52 61 62 63 80 87 88 103 106 113 116 120 135 142 145 159 162 169 172 176 191 198 201 
reels_simple_chords_43.mid
1 19 34 52 67 74 99 106 
reels_simple_chords_432.mid
1 7 27 37 38 49 68 78 87 97 106 111 112 113 122 132 140 145 146 
reels_simple_chords_433.mid
1 10 14 16 18 41 50 54 56 58 81 107 130 156 
reels_simple_chords_434.mid
1 8 10 19 30 32 46 53 55 64 75 77 94 97 102 103 112 115 118 123 124 134 137 142 143 152 155 158 163 164 
reels_simple_chords_435.mid
1 4 7 25 28 31 50 53 71 74 77 98 115 121 138 143 160 166 183 186 202 214 217 233 
reels_simple_chords_440.mid
1 19 35 52 68 76 84 92 101 109 117 125 
reels_simple_chords_444.mid
1 17 32 42 56 71 81 89 102 114 131 139 152 164 
reels_simple_chords_445.mid
1 4 14 24 25 32 33 36 40 41 51 61 62 69 70 73 77 78 80 84 89 91 95 117 118 120 124 129 131 135 
reels_simple_chords_446.mid
1 12 20 24 35 46 58 59 68 80 83 
reels_simple_chords_447.mid
1 5 12 23 34 41 52 59 63 70 81 92 99 110 117 120 127 134 145 177 184 191 202 
reels_simple_chords_45.mid
1 32 63 94 125 152 154 169 170 183 210 212 227 228 
reels_simple_chords_452.mid
1 7 13 14 20 35 41 42 49 60 67 69 75 83 91 98 100 106 114 126 132 133 139 154 160 161 168 179 186 188 194 202 210 217 219 225 
reels_simple_chords_456.mid
1 7 19 26 39 44 56 63 75 79 87 90 99 107 113 117 125 128 137 145 
reels_simple_chords_458.mid
1 14 16 23 24 25 37 49 61 63 70 71 72 84 96 108 110 117 118 119 131 143 155 157 164 165 166 178 190 204 210 214 216 229 230 242 256 262 266 268 281 282 294 308 314 318 320 333 334 346 360 366 370 372 385 386 396 398 400 403 410 413 414 420 421 423 426 432 433 443 445 447 450 457 460 461 467 468 470 473 479 480 490 492 494 497 504 507 508 514 515 517 520 526 527 537 539 541 544 551 554 555 561 562 564 567 573 574 586 600 612 626 638 652 664 678 690 704 716 730 742 756 768 782 
reels_simple_chords_459.mid
1 8 9 19 28 29 30 31 37 38 48 57 58 59 67 72 89 94 100 117 122 
reels_simple_chords_462.mid
1 16 31 72 73 84 85 108 
reels_simple_chords_463.mid
1 12 13 20 35 40 51 52 59 66 68 72 
reels_simple_chords_464.mid
1 7 14 29 30 35 42 53 56 61 68 83 84 89 96 107 112 117 118 119 131 133 136 137 142 143 144 156 161 166 167 168 180 182 185 186 191 192 193 205 
reels_simple_chords_48.mid
1 3 23 42 45 65 84 137 
reels_simple_chords_49.mid
1 10 29 48 67 77 79 80 95 116 118 119 134 
reels_simple_chords_50.mid
1 4 6 28 29 30 32 50 55 57 79 80 81 83 101 103 104 129 146 157 159 160 185 202 213 
reels_simple_chords_51.mid
1 9 11 14 21 29 31 41 49 51 54 61 69 71 91 100 109 128 137 146 
reels_simple_chords_54.mid
1 10 27 31 38 51 62 79 83 90 103 105 106 111 116 117 122 127 128 133 148 150 151 156 161 162 167 172 173 178 193 
reels_simple_chords_55.mid
1 5 16 30 31 35 46 57 59 63 74 88 89 93 104 115 117 124 126 130 145 152 154 158 169 171 178 180 184 199 206 208 212 223 
reels_simple_chords_57.mid
1 7 11 19 25 49 53 61 70 71 72 
reels_simple_chords_6.mid
1 10 11 41 42 50 51 81 100 102 122 141 143 
reels_simple_chords_60.mid
1 4 10 25 30 31 34 40 55 60 69 78 83 91 99 108 113 
reels_simple_chords_62.mid
1 3 10 26 28 35 43 50 65 76 78 85 93 
reels_simple_chords_63.mid
1 10 13 22 25 34 37 38 39 43 44 46 56 59 68 84 
reels_simple_chords_66.mid
1 40 45 84 89 123 
reels_simple_chords_67.mid
1 98 102 106 110 114 124 129 133 137 141 145 
reels_simple_chords_68.mid
1 18 31 48 61 78 91 108 121 122 142 151 152 172 177 181 182 202 211 212 232 237 
reels_simple_chords_69.mid
1 23 42 64 83 126 
reels_simple_chords_7.mid
1 8 9 15 29 35 36 41 54 55 61 62 68 82 88 89 94 107 109 126 130 138 155 163 165 182 186 193 199 200 205 218 220 237 241 249 266 274 276 293 297 304 310 311 316 
reels_simple_chords_72.mid
1 88 94 106 113 114 120 
reels_simple_chords_73.mid
1 10 11 22 39 47 48 56 57 65 66 68 76 83 84 95 111 117 126 132 
reels_simple_chords_75.mid
1 21 41 61 62 80 82 88 102 122 124 130 144 145 
reels_simple_chords_78.mid
1 37 73 79 84 108 114 119 
reels_simple_chords_8.mid
1 33 60 61 92 119 130 146 181 192 208 
reels_simple_chords_80.mid
1 5 64 68 127 130 141 156 171 186 189 200 215 230 
reels_simple_chords_81.mid
1 10 18 56 65 86 
reels_simple_chords_84.mid
1 33 65 84 101 120 137 143 147 168 174 178 
reels_simple_chords_85.mid
1 10 21 30 43 46 47 73 78 
reels_simple_chords_86.mid
1 7 14 30 36 43 57 63 64 70 84 98 
reels_simple_chords_87.mid
1 12 24 57 69 94 96 100 139 141 145 
reels_simple_chords_9.mid
1 30 59 88 124 134 151 
reels_simple_chords_90.mid
1 13 14 23 48 61 88 
reels_simple_chords_91.mid
1 48 95 109 121 143 157 169 
reels_simple_chords_92.mid
1 12 23 34 45 56 67 78 111 157 
reels_simple_chords_93.mid
1 11 20 39 55 58 79 80 88 97 102 105 115 117 118 126 135 140 143 153 
reels_simple_chords_96.mid
1 4 7 14 15 16 31 34 41 42 55 58 61 68 69 70 85 88 95 96 109 116 131 138 145 168 175 190 197 204 
reels_simple_chords_98.mid
1 21 22 39 40 41 60 61 78 79 86 93 100 106 107 114 121 128 134 
reels_simple_chords_99.mid
1 44 87 127 
slip_simple_chords_1.mid
1 4 12 19 20 31 35 36 44 51 52 63 73 91 98 108 126 133 
slip_simple_chords_2.mid
1 3 11 19 33 35 43 51 65 67 75 83 90 91 93 98 100 105 107 
slip_simple_chords_3.mid
1 8 9 25 26 33 40 41 57 58 65 66 78 80 81 95 103 105 106 
slip_simple_chords_9.mid
1 4 6 11 19 21 26 34 36 41 49 51 56 73 90 107 124 
waltzes_simple_chords_12.mid
1 14 18 20 41 45 47 57 65 66 68 76 90 94 96 
waltzes_simple_chords_13.mid
1 15 39 41 43 65 66 81 83 85 86 88 90 92 97 102 131 136 153 155 157 162 
waltzes_simple_chords_14.mid
1 13 37 46 52 55 57 81 
waltzes_simple_chords_15.mid
1 9 10 17 18 35 43 44 51 52 69 77 78 85 86 103 111 112 119 120 137 138 140 142 143 144 145 147 148 150 159 167 168 175 176 
waltzes_simple_chords_18.mid
1 6 9 24 27 28 32 35 50 54 59 60 61 76 79 80 84 87 102 106 107 111 114 129 132 133 137 140 155 159 164 165 166 181 184 185 189 192 207 
waltzes_simple_chords_2.mid
1 4 14 19 23 33 37 40 50 55 59 69 73 76 80 84 89 92 93 103 107 111 115 119 124 128 138 
waltzes_simple_chords_20.mid
1 3 9 19 24 26 32 42 46 47 53 59 72 73 97 100 104 106 112 122 127 129 135 145 149 150 156 162 175 176 200 203 
waltzes_simple_chords_24.mid
1 11 20 32 46 54 66 70 74 78 82 89 92 96 103 107 111 117 118 
waltzes_simple_chords_25.mid
1 13 19 20 31 38 41 42 62 63 
waltzes_simple_chords_27.mid
1 4 14 17 26 29 44 51 64 76 88 
waltzes_simple_chords_30.mid
1 9 15 28 36 42 54 57 71 72 96 102 
waltzes_simple_chords_33.mid
1 11 20 21 30 39 59 81 87 96 
waltzes_simple_chords_37.mid
1 18 28 33 36 46 51 
waltzes_simple_chords_39.mid
1 8 14 20 22 29 35 56 62 
waltzes_simple_chords_42.mid
1 12 15 17 18 26 31 36 44 61 72 75 77 78 86 91 96 104 
waltzes_simple_chords_45.mid
1 8 15 22 29 32 53 60 67 
waltzes_simple_chords_50.mid
1 20 24 43 47 50 52 56 86 
waltzes_simple_chords_6.mid
1 3 7 13 14 28 29 30 34 40 41 55 56 57 61 67 68 82 83 84 88 94 95 109 110 111 112 113 118 136 153 
waltzes_simple_chords_9.mid
1 16 17 29 30 44 45 57 58 72 73 85 86 100 101 113 114 115 119 122 126 127 128 132 134 140 142 146 152 
xmas_simple_chords_1.mid
1 3 8 18 19 24 33 37 40 
xmas_simple_chords_12.mid
1 11 15 25 29 45 48 55 58 69 72 
xmas_simple_chords_2.mid
1 8 22 29 36 48 54 69 76 88 94 
xmas_simple_chords_6.mid
1 11 19 21 
xmas_simple_chords_8.mid
1 14 18 19 31 35 36 48 52 53 65 69 70 74 76 80 86 87 99 103 104 116 
xmas_simple_chords_9.mid
1 19 47 56 81 
